County,City,% Democratic,% Republican,% American Independent,% Other,% No Party Preference,Unnamed: 7,DemAverage,DemStDev,DemOutlier,RepAve,RepStDev,RepOutlier,IndAve,IndStDev,IndeOutlier,OtherAve,OtherStDev,OtherOutlier,NoPrefAve,NoPrefStDev,NoPrefOutlier
Alameda,Alameda,61.9688127810198,10.48120156892758,2.50837080264039,2.431837749928253,22.60977709748398,,58.49,10.09315571,Normal,12.04,6.748194731,Normal,2.66,0.7814863931,Normal,2.47,0.4396709958,Normal,24.34,4.112304334,Normal
Alameda,Albany,70.71653673909438,5.100348316470393,1.642063360424614,2.239177309669923,20.30187427434069,,,,Normal,,,Normal,,,Normal,,,Normal,,,Normal
Alameda,Berkeley,73.92287849725511,3.039883590184536,1.55962695945499,2.730339308155298,18.74727164495006,,,,🚩Outlier,,,Normal,,,Normal,,,Normal,,,Normal
Alameda,Dublin,47.78053116414372,16.85341808974842,3.094866131552012,1.81813284490654,30.4530517696493,,,,Normal,,,Normal,,,Normal,,,Normal,,,Normal
Alameda,Emeryville,67.9429849077697,5.352152040245947,2.459474566797093,2.669088876467303,21.57629960871996,,,,Normal,,,Normal,,,Normal,,,Normal,,,Normal
Alameda,Fremont,48.47797580266055,15.09076064097383,2.344684255234922,1.847376972116152,32.23920232901454,,,,Normal,,,Normal,,,Normal,,,Normal,,,🚩Outlier
Alameda,Hayward,56.86231805147193,13.33381731944293,2.981354435127712,2.509467978269019,24.31304221568841,,,,Normal,,,Normal,,,Normal,,,Normal,,,Normal
Alameda,Livermore,43.63374013420952,26.93056569660304,4.540871318799764,2.491220750321624,22.40360210006606,,,,Normal,,,🚩Outlier,,,🚩Outlier,,,Normal,,,Normal
Alameda,Newark,52.58734216438143,15.95398559144783,2.966922302269734,1.8824076225889,26.60934231931211,,,,Normal,,,Normal,,,Normal,,,Normal,,,Normal
Alameda,Oakland,68.48955524395068,5.143877563249799,2.272718193330856,3.021768397671746,21.07208060179692,,,,Normal,,,Normal,,,Normal,,,Normal,,,Normal
Alameda,Piedmont,67.1414265049516,10.05897407366196,1.813730944697897,1.424279514854788,19.56158896183376,,,,Normal,,,Normal,,,Normal,,,🚩Outlier,,,Normal
Alameda,Pleasanton,45.67671119395257,21.66097131614373,3.497980739360049,1.921921921921925,27.24241482862173,,,,Normal,,,Normal,,,Normal,,,Normal,,,Normal
Alameda,San Leandro,56.34571172505163,12.99341464365039,2.817285586252582,2.402291236410402,25.441296808635,,,,Normal,,,Normal,,,Normal,,,Normal,,,Normal
Alameda,Union City,54.10882438598195,13.86515872245413,2.536161537714785,2.011940588292397,27.47791476555674,,,,Normal,,,Normal,,,Normal,,,Normal,,,Normal
Alpine,Alpine,43.55,22.97,6.069999999999999,3.680000000000007,23.73,,43.55,,,22.97,,,6.07,,,3.68,,,23.73,,
Amador,Amador,53.79310344827586,32.41379310344827,2.068965517241379,0.6896551724138025,11.03448275862069,,25.49,12.80128076,🚩Outlier,49.26,7.514584847,🚩Outlier,6.11,1.92943089,🚩Outlier,3.17,,🚩Outlier,15.97,,🚩Outlier
Amador,Ione,21.57116930256676,53.48716619134042,6.637282862328234,3.370495203526058,14.93388644023853,,,,Normal,,,Normal,,,Normal,,,🚩Outlier,,,🚩Outlier
Amador,Jackson,30.73524771221205,43.70463868728305,6.311139160618491,2.524455664247398,16.724518775639,,,,Normal,,,Normal,,,Normal,,,🚩Outlier,,,🚩Outlier
Amador,Plymouth,23.64341085271318,45.21963824289406,6.589147286821706,4.651162790697679,19.89664082687338,,,,Normal,,,Normal,,,Normal,,,🚩Outlier,,,🚩Outlier
Amador,Sutter Creek,31.25327739905611,42.99947561615102,5.243838489774514,2.98898793917148,17.51442055584688,,,,Normal,,,Normal,,,Normal,,,🚩Outlier,,,🚩Outlier
Butte,Biggs,25.98584428715874,49.44388270980789,5.055611729019211,3.235591506572298,16.27906976744186,,33.7,7.558934464,Normal,37.67,8.689916028,Normal,5.33,0.6458268525,Normal,4.64,1.037730716,Normal,18.66,1.808421543,Normal
Butte,Chico,42.63890968998053,27.66545188291482,4.770938378846122,5.549731249895995,19.37496879836254,,,,Normal,,,Normal,,,Normal,,,Normal,,,Normal
Butte,Gridley,34.10679340229242,38.02068772714565,5.116019010343863,3.047246295778589,19.70925356443948,,,,Normal,,,Normal,,,Normal,,,🚩Outlier,,,Normal
Butte,Oroville,27.51460767946578,40.70325542570951,6.124791318864775,4.695325542570963,20.96202003338898,,,,Normal,,,Normal,,,Normal,,,Normal,,,Normal
Butte,Paradise,24.20260095824777,47.66598220396988,6.146475017111568,4.134154688569478,17.8507871321013,,,,Normal,,,Normal,,,Normal,,,Normal,,,Normal
Calaveras,Calaveras,25.99000384467513,47.36639753940792,6.382160707420223,4.344482891195689,15.91695501730104,,24.43,,,48.6,,,6.5,,,4.05,,,16.42,,
Colusa,Colusa,28.32157103405953,42.46701442160172,4.970849953973612,2.669530530837676,21.57103405952746,,30.37,9.578688025,Normal,40.98,14.43692881,Normal,4.13,1.227697043,Normal,2.39,0.1480638159,🚩Outlier,22.13,6.234001646,Normal
Colusa,Williams,41.86788154897494,22.0501138952164,3.234624145785877,2.460136674259683,30.3872437357631,,,,Normal,,,Normal,,,Normal,,,Normal,,,Normal
Contra Costa,Antioch,53.62643306838159,17.55142517993178,4.240229591453428,2.987092993554008,21.59481916667919,,52.33,7.528149809,Normal,19.31,6.794795897,Normal,3.89,0.9089522845,Normal,2.62,0.4833343145,Normal,21.85,2.226591459,Normal
Contra Costa,Brentwood,43.25037880527113,28.58717112815097,5.112723265531017,2.555213738004497,20.49451306304238,,,,Normal,,,Normal,,,Normal,,,Normal,,,Normal
Contra Costa,Clayton,42.37327456211577,30.28650968565131,5.103816262614546,2.261918570931446,19.97448091868693,,,,Normal,,,🚩Outlier,,,Normal,,,Normal,,,Normal
Contra Costa,Concord,50.87932328262501,20.56211201309776,4.349546353775837,2.910157582372602,21.29886076812879,,,,Normal,,,Normal,,,Normal,,,Normal,,,Normal
Contra Costa,Danville,41.79319652771387,29.76289070887396,4.499861967424312,1.923253887917546,22.02079690807031,,,,Normal,,,🚩Outlier,,,Normal,,,Normal,,,Normal
Contra Costa,El Cerrito,69.69542860371814,6.368311013166074,1.746058654009154,2.723625473244056,19.46657625586257,,,,🚩Outlier,,,🚩Outlier,,,🚩Outlier,,,Normal,,,Normal
Contra Costa,Hercules,59.66463240746022,13.22648719557406,3.165459419380597,2.235783950265215,21.70763702731991,,,,Normal,,,Normal,,,Normal,,,Normal,,,Normal
Contra Costa,Lafayette,55.38573508005823,17.98710750675816,3.561031399459347,2.053441463921803,21.01268454980245,,,,Normal,,,Normal,,,Normal,,,Normal,,,Normal
Contra Costa,Martinez,51.83045048469873,21.41417981372363,4.6607108914655,3.124881201292528,18.96977760881962,,,,Normal,,,Normal,,,Normal,,,Normal,,,Normal
Contra Costa,Moraga,52.43713399931106,18.23975198070961,3.548053737512918,1.894591801584564,23.88046848088185,,,,Normal,,,Normal,,,Normal,,,🚩Outlier,,,Normal
Contra Costa,Oakley,45.0770847932726,26.08269096005606,4.800280308339173,2.722494744218647,21.31744919411353,,,,Normal,,,Normal,,,Normal,,,Normal,,,Normal
Contra Costa,Orinda,55.89911562397641,16.79659351457583,3.026531280707501,1.958729118899441,22.31903046184081,,,,Normal,,,Normal,,,Normal,,,Normal,,,Normal
Contra Costa,Pinole,58.19705147828888,15.34681382421655,3.270764521066623,2.561830339160561,20.62353983726738,,,,Normal,,,Normal,,,Normal,,,Normal,,,Normal
Contra Costa,Pittsburg,56.32995254041292,14.78956370907514,3.596810330289816,2.842756992459474,22.44091642776265,,,,Normal,,,Normal,,,Normal,,,Normal,,,Normal
Contra Costa,Pleasant Hill,53.53369533190217,18.66818200951299,4.394494254325041,2.512943553478976,20.89068485078082,,,,Normal,,,Normal,,,Normal,,,Normal,,,Normal
Contra Costa,Richmond,64.71153846153847,8.14102564102564,2.562415654520918,3.302968960863691,21.28205128205128,,,,🚩Outlier,,,🚩Outlier,,,Normal,,,Normal,,,Normal
Contra Costa,San Pablo,60.94491748926229,9.419033983874614,2.878456785472082,3.420993142943267,23.33659859844774,,,,Normal,,,Normal,,,Normal,,,🚩Outlier,,,Normal
Contra Costa,San Ramon,46.37740244612696,19.00019413706076,3.236264802950883,1.943311978256656,29.44282663560474,,,,Normal,,,Normal,,,Normal,,,Normal,,,🚩Outlier
Contra Costa,Walnut Creek,54.46179587283881,19.13194167795395,3.583379810373676,2.20699545852921,20.61588718030436,,,,Normal,,,Normal,,,Normal,,,Normal,,,Normal
Del Norte,Crescent City,34.19062027231467,33.78719112455875,6.354009077155824,3.630862329803328,22.03731719616742,,28.96,,,41.42,,,5.94,,,3.08,,,20.6,,
El Dorado,Placerville,35.26710546456452,37.13454768100413,5.816623297106995,3.643043012398607,18.13868054492576,,29.9,5.105269359,Normal,42.19,10.26716232,Normal,5.84,0.1088116284,Normal,3.6,0.8340999693,Normal,18.47,4.21898136,Normal
El Dorado,South Lake Tahoe,42.48704663212435,22.6145874850538,5.970506177760064,4.82263850139498,24.1052212036668,,,,🚩Outlier,,,🚩Outlier,,,Normal,,,Normal,,,Normal
Fresno,Clovis,28.96315338474722,44.59834503574672,4.853623911291869,3.523513537709906,18.06136413050429,,37.36,9.51308599,Normal,33.16,11.68855044,Normal,4.35,0.8849710423,Normal,4.2,0.3906159083,🚩Outlier,20.93,3.026738026,Normal
Fresno,Coalinga,33.32263242375602,34.91171749598716,4.63884430176565,4.237560192616368,22.8892455858748,,,,Normal,,,Normal,,,Normal,,,Normal,,,Normal
Fresno,Firebaugh,47.93696275071633,18.71060171919771,2.922636103151862,4.326647564469909,26.10315186246418,,,,Normal,,,Normal,,,🚩Outlier,,,Normal,,,🚩Outlier
Fresno,Fowler,38.95866636218314,30.78328385476136,4.247545101621375,4.11052751769811,21.89997716373601,,,,Normal,,,Normal,,,Normal,,,Normal,,,Normal
Fresno,Fresno,40.92851889876727,27.88287205924114,4.347335386676569,4.652424328476666,22.18884932683836,,,,Normal,,,Normal,,,Normal,,,Normal,,,Normal
Fresno,Huron,52.53623188405797,13.55072463768116,3.188405797101449,4.565217391304351,26.15942028985507,,,,🚩Outlier,,,🚩Outlier,,,Normal,,,Normal,,,🚩Outlier
Fresno,Kerman,40.49820236260914,27.19568567026194,4.481253210066769,3.466872110939907,24.35798664612224,,,,Normal,,,Normal,,,Normal,,,🚩Outlier,,,Normal
Fresno,Kingsburg,23.16313823163138,52.44084682440847,4.122042341220424,3.362391033623904,16.91158156911582,,,,Normal,,,🚩Outlier,,,Normal,,,🚩Outlier,,,Normal
Fresno,Mendota,53.82079712316452,16.93137548696434,2.247527719508541,4.195385076415938,22.80491459394666,,,,🚩Outlier,,,Normal,,,🚩Outlier,,,Normal,,,Normal
Fresno,Orange Cove,48.90741805635423,16.7625071880391,2.61644623346751,4.370327774583092,27.34330074755606,,,,Normal,,,Normal,,,🚩Outlier,,,Normal,,,🚩Outlier
Fresno,Parlier,52.1079258010118,15.57054525014053,2.641933670601462,4.365748547873341,25.31384673037287,,,,🚩Outlier,,,🚩Outlier,,,🚩Outlier,,,Normal,,,Normal
Fresno,Reedley,36.97556866048863,32.69587194608256,4.195450716090986,3.883740522325191,22.24936815501264,,,,Normal,,,Normal,,,Normal,,,Normal,,,Normal
Fresno,San Joaquin,55.92760180995475,10.76923076923077,2.352941176470588,4.343891402714927,26.60633484162896,,,,🚩Outlier,,,🚩Outlier,,,🚩Outlier,,,Normal,,,🚩Outlier
Fresno,Sanger,44.71975520561236,26.71841182177774,3.761474736920666,4.037614747369211,20.76274348832002,,,,Normal,,,Normal,,,Normal,,,Normal,,,Normal
Fresno,Selma,42.95700803914715,27.32436211114995,3.504019573575673,4.037049982523602,22.17756029360363,,,,Normal,,,Normal,,,Normal,,,Normal,,,Normal
Glenn,Orland,34.07407407407408,39.33862433862434,4.550264550264551,2.645502645502642,19.39153439153439,,26.59,5.959945089,Normal,47.87,4.410909293,🚩Outlier,4.64,0.5309949565,Normal,2.5,0.1009701785,Normal,18.4,0.9170706613,Normal
Glenn,Willows,25.64543889845094,45.57659208261618,5.301204819277109,2.788296041308087,20.68846815834767,,,,Normal,,,Normal,,,Normal,,,🚩Outlier,,,🚩Outlier
Humboldt,Arcata,58.48841292134831,9.348665730337078,3.607794943820225,6.908356741573041,21.64676966292135,,45.45,11.81802133,Normal,24.77,12.58701445,Normal,4.41,0.6857048751,Normal,5.44,1.366381852,Normal,19.93,1.243933679,Normal
Humboldt,Blue Lake,51.50060024009604,19.44777911164466,4.201680672268908,5.282112845138055,19.56782713085234,,,,Normal,,,Normal,,,Normal,,,Normal,,,Normal
Humboldt,Eureka,48.0696300901461,20.9947155735157,4.351880634131178,5.949642524090766,20.63413117811626,,,,Normal,,,Normal,,,Normal,,,Normal,,,Normal
Humboldt,Ferndale,37.87878787878788,37.87878787878788,3.977272727272727,2.651515151515159,17.61363636363636,,,,Normal,,,Normal,,,Normal,,,🚩Outlier,,,🚩Outlier
Humboldt,Fortuna,32.67594218560043,38.05214102390922,4.957449682561125,4.282047818451979,20.03241928947724,,,,Normal,,,Normal,,,Normal,,,Normal,,,Normal
Humboldt,Rio Dell,27.37603305785124,41.32231404958678,5.681818181818182,5.26859504132231,20.35123966942148,,,,🚩Outlier,,,Normal,,,🚩Outlier,,,Normal,,,Normal
Humboldt,Trinidad,54.6875,16.796875,4.6875,4.296875,19.53125,,,,Normal,,,Normal,,,Normal,,,Normal,,,Normal
Imperial,Brawley,43.19423368740516,26.34294385432473,3.831562974203338,3.239757207890744,23.39150227617602,,44.33,4.533389076,Normal,24.3,5.250140697,Normal,3.1,0.7990966156,Normal,3.14,0.3325090137,Normal,25.13,1.712309933,Normal
Imperial,Calexico,51.11171860761801,14.84873336978312,2.114087843994897,3.289593584836883,28.63586659376708,,,,Normal,,,🚩Outlier,,,Normal,,,Normal,,,🚩Outlier
Imperial,Calipatria,42.51812788398154,24.25840474620962,4.021094264996703,2.570863546473298,26.63150955833883,,,,Normal,,,Normal,,,Normal,,,🚩Outlier,,,Normal
Imperial,El Centro,45.09962190407409,24.11317388164323,3.113981052721016,3.147967203364626,24.52525595819704,,,,Normal,,,Normal,,,Normal,,,Normal,,,Normal
Imperial,Holtville,42.60634706279541,25.52329507089804,2.667116812964213,3.443619176232275,25.75962187711006,,,,Normal,,,Normal,,,Normal,,,Normal,,,Normal
Imperial,Imperial,37.63003901170351,31.7295188556567,3.202210663198959,2.917750325097533,24.5204811443433,,,,Normal,,,Normal,,,Normal,,,Normal,,,Normal
Imperial,Westmorland,49.27710843373494,20.24096385542169,1.927710843373494,2.650602409638559,25.90361445783132,,,,Normal,,,Normal,,,Normal,,,Normal,,,Normal
Inyo,Bishop,39.54968184043074,31.08174253548703,4.796867351933432,4.845814977973571,19.72589329417523,,33.66,,,38.8,,,5.17,,,3.72,,,18.65,,
Kern,Arvin,51.84613007878881,15.92769967557547,3.04341109222926,3.831299243009429,25.35145991039703,,33.04,14.08913864,Normal,37.74,16.00267057,Normal,4.69,1.56593093,Normal,3.79,0.3776446319,Normal,20.74,3.38173432,Normal
Kern,Bakersfield,34.79610365215525,35.98039303380234,4.479100512536115,3.64142150504934,21.10298129645697,,,,Normal,,,Normal,,,Normal,,,Normal,,,Normal
Kern,California City,34.2869045965838,32.52326065824191,6.165810304124427,4.693792528815443,22.33023191223441,,,,Normal,,,Normal,,,Normal,,,🚩Outlier,,,Normal
Kern,Delano,49.47855069347382,19.69680679496828,3.182453499623696,3.7146543382432,23.927534673691,,,,Normal,,,Normal,,,Normal,,,Normal,,,Normal
Kern,Maricopa,11.68316831683168,64.15841584158416,6.732673267326733,3.366336633663366,14.05940594059406,,,,🚩Outlier,,,🚩Outlier,,,Normal,,,Normal,,,🚩Outlier
Kern,McFarland,48.73832704152593,20.1271607391218,2.4637393204848,3.715477846214981,24.95529505265249,,,,Normal,,,Normal,,,Normal,,,Normal,,,Normal
Kern,Ridgecrest,23.72450487732781,45.06059710316288,5.799586166124741,4.262488915164052,21.15282293822051,,,,Normal,,,Normal,,,Normal,,,Normal,,,Normal
Kern,Shafter,36.39880088966251,34.70650807465429,3.781065660961222,3.471617831931148,21.64200754279083,,,,Normal,,,Normal,,,Normal,,,Normal,,,Normal
Kern,Taft,14.70008448324416,58.63137144466347,5.406927626020839,3.745423824274859,17.51619262179668,,,,Normal,,,Normal,,,Normal,,,Normal,,,Normal
Kern,Tehachapi,21.3556338028169,47.72887323943662,6.795774647887325,4.066901408450704,20.05281690140845,,,,Normal,,,Normal,,,Normal,,,Normal,,,Normal
Kern,Wasco,42.32274401473297,25.82872928176795,3.602670349907919,4.028545119705342,24.21731123388582,,,,Normal,,,Normal,,,Normal,,,Normal,,,Normal
Kings,Avenal,43.00666032350143,23.02568981921979,2.949571836346337,3.948620361560415,27.06945765937203,,30.74,7.571466315,🚩Outlier,42.07,9.79572051,🚩Outlier,4.43,0.7986400968,🚩Outlier,3.45,0.2175807809,🚩Outlier,19.31,3.58930482,🚩Outlier
Kings,Corcoran,42.62766722608487,28.74610405178614,3.692160153440422,3.620234955646136,21.31383361304243,,,,🚩Outlier,,,Normal,,,Normal,,,Normal,,,Normal
Kings,Hanford,30.81201741867018,42.37567241190032,4.647418304241226,3.513009111867383,18.65188275332089,,,,Normal,,,Normal,,,Normal,,,Normal,,,Normal
Kings,Lemoore,28.76045757213591,42.35103295202322,4.550110978316544,3.46593819361448,20.87246030390985,,,,Normal,,,Normal,,,Normal,,,Normal,,,Normal
Lake,Clearlake,37.69690385659968,27.33568712656165,6.07007061379685,4.766431287343831,24.13090711569799,,36.09,0.643115231,🚩Outlier,32.87,4.144468292,Normal,6.24,0.3279359027,Normal,4.19,0.6533041592,Normal,20.61,2.520112999,Normal
Lake,Lakeport,36.78740157480315,33.19685039370079,5.606299212598425,3.842519685039374,20.56692913385827,,,,Normal,,,Normal,,,🚩Outlier,,,Normal,,,Normal
Lassen,Susanville,17.99621928166352,52.98676748582231,6.65406427221172,3.894139886578454,18.46880907372401,,15.98,,,57.85,,,6.51,,,3.23,,,16.43,,
Los Angeles,Agoura Hills,44.50416202398899,27.07609621812938,4.35865504358655,2.700399816477685,21.36068689781739,,51.62,9.010276524,Normal,18.73,8.450619274,Normal,3.3,0.7504988082,Normal,3.45,2.561937068,Normal,22.9,4.191916323,Normal
Los Angeles,Alhambra,49.68404423380727,17.21104991247171,2.632253106186756,3.01225396012126,27.46039878741301,,,,Normal,,,Normal,,,Normal,,,Normal,,,Normal
Los Angeles,Arcadia,35.84369767998087,24.80865821573786,2.242286534321932,2.445587180100453,34.65977038985888,,,,🚩Outlier,,,Normal,,,Normal,,,Normal,,,🚩Outlier
Los Angeles,Artesia,45.74562375360071,22.67892754265455,2.481719477066253,3.301573232882781,25.7921559937957,,,,Normal,,,Normal,,,Normal,,,Normal,,,Normal
Los Angeles,Avalon,44.36936936936937,27.53378378378378,3.828828828828828,2.984234234234233,21.28378378378378,,,,Normal,,,Normal,,,Normal,,,Normal,,,Normal
Los Angeles,Azusa,47.31404140770357,21.75289972685167,3.899291397806896,4.109100985709201,22.92466648192866,,,,Normal,,,Normal,,,Normal,,,Normal,,,Normal
Los Angeles,Baldwin Park,52.68834911486208,15.83916563743653,2.566213805406889,3.902840675174968,25.00343076711953,,,,Normal,,,Normal,,,Normal,,,Normal,,,Normal
Los Angeles,Bell,58.2715887482788,13.15323585338666,2.275260638646646,3.59320700281949,22.7067077568684,,,,Normal,,,Normal,,,Normal,,,Normal,,,Normal
Los Angeles,Bell Gardens,58.01095000300825,11.81036038746164,2.454725949100536,3.910715360086634,23.81324830034294,,,,Normal,,,Normal,,,Normal,,,Normal,,,Normal
Los Angeles,Bellflower,49.65010414960096,20.5818335010649,3.704917265429354,3.711938586842042,22.35120649706275,,,,Normal,,,Normal,,,Normal,,,Normal,,,Normal
Los Angeles,Beverly Hills,39.8425473897172,28.67132867132867,3.452522320446848,2.599287504947874,25.4343141135594,,,,Normal,,,Normal,,,Normal,,,Normal,,,Normal
Los Angeles,Bradbury,32.58426966292135,36.75762439807384,2.568218298555377,1.926163723916538,26.16372391653291,,,,🚩Outlier,,,🚩Outlier,,,Normal,,,Normal,,,Normal
Los Angeles,Burbank,49.24843160095998,21.64320500764902,3.521354086258439,2.884170046736191,22.70283925839637,,,,Normal,,,Normal,,,Normal,,,Normal,,,Normal
Los Angeles,Calabasas,44.50150522401275,26.01381264388171,4.226432914231745,2.797945811935548,22.46030340593826,,,,Normal,,,Normal,,,Normal,,,Normal,,,Normal
Los Angeles,Carson,56.42262713319906,15.26222930035755,3.155495183224819,3.07274345402595,22.08690492919262,,,,Normal,,,Normal,,,Normal,,,Normal,,,Normal
Los Angeles,Cerritos,42.11418723593507,25.24460751612186,2.640649321770069,2.159773182121409,27.84078274405159,,,,Normal,,,Normal,,,Normal,,,Normal,,,Normal
Los Angeles,Claremont,49.54799646806543,23.57566328890384,3.943993608880293,3.018963124921161,19.91338350922928,,,,Normal,,,Normal,,,Normal,,,Normal,,,Normal
Los Angeles,Commerce,60.77795786061589,12.9119394921664,2.404105888708806,3.430578065910318,20.47541869259859,,,,Normal,,,Normal,,,Normal,,,Normal,,,Normal
Los Angeles,Compton,62.18833260428679,8.193820336421838,2.964568338171551,4.942935539030504,21.71034318208931,,,,Normal,,,Normal,,,Normal,,,Normal,,,Normal
Los Angeles,Covina,44.80015335953225,26.53439407009809,3.894693121185981,3.754113549953672,21.01664589923001,,,,Normal,,,Normal,,,Normal,,,Normal,,,Normal
Los Angeles,Cudahy,59.00521887314943,11.08744275215678,2.332516774949409,3.674512727660026,23.90030887208436,,,,Normal,,,Normal,,,Normal,,,Normal,,,Normal
Los Angeles,Culver City,63.97341364627687,10.90109737944404,2.679405961158999,2.475161837504768,19.97092117561533,,,,Normal,,,Normal,,,Normal,,,Normal,,,Normal
Los Angeles,Diamond Bar,37.20479838126897,27.83350195114901,2.867466396878162,2.587079057667285,29.50715421303657,,,,🚩Outlier,,,Normal,,,Normal,,,Normal,,,🚩Outlier
Los Angeles,Downey,49.72472957851548,22.93024990675121,3.462886982469228,3.021260723610588,20.86087280865349,,,,Normal,,,Normal,,,Normal,,,Normal,,,Normal
Los Angeles,Duarte,48.1824094818241,22.08571222085712,3.30273903302739,3.55568403555684,22.87345522873455,,,,Normal,,,Normal,,,Normal,,,Normal,,,Normal
Los Angeles,El Monte,49.20059550779986,16.51239562431225,2.891233521047748,3.786652857790145,27.60912248904999,,,,Normal,,,Normal,,,Normal,,,Normal,,,Normal
Los Angeles,El Segundo,43.98379795091732,25.48645858152649,4.360257326661901,2.986260027003414,23.18322611389087,,,,Normal,,,Normal,,,Normal,,,Normal,,,Normal
Los Angeles,Gardena,56.60955717335376,15.49345886474355,3.081723137555421,3.418358968744876,21.39690185560239,,,,Normal,,,Normal,,,Normal,,,Normal,,,Normal
Los Angeles,Glendale,41.10734423580249,24.70269985420436,2.995836919671872,3.009011224507724,28.18510776581356,,,,Normal,,,Normal,,,Normal,,,Normal,,,Normal
Los Angeles,Glendora,34.50388481996157,37.68971567016625,4.335960344203403,3.247096828093238,20.22334233757554,,,,🚩Outlier,,,🚩Outlier,,,Normal,,,Normal,,,Normal
Los Angeles,Hawaiian Gardens,51.95830701200252,16.67719519898926,2.953253316487682,3.33228048010108,25.07896399241946,,,,Normal,,,Normal,,,Normal,,,Normal,,,Normal
Los Angeles,Hawthorne,57.00029417754746,13.19273155167342,3.245004638953633,4.016654974994914,22.54531465683058,,,,Normal,,,Normal,,,Normal,,,Normal,,,Normal
Los Angeles,Hermosa Beach,44.71891557145806,23.3193421867474,4.417532512213583,3.344113397096262,24.20009633248469,,,,Normal,,,Normal,,,Normal,,,Normal,,,Normal
Los Angeles,Hidden Hills,38.57457751653196,32.47612049963262,4.188096987509184,2.204261572373259,22.55694342395298,,,,Normal,,,🚩Outlier,,,Normal,,,Normal,,,Normal
Los Angeles,Huntington Park,59.97224336302995,11.44289743474952,2.38169852710749,3.5277790213547,22.67538165375834,,,,Normal,,,Normal,,,Normal,,,Normal,,,Normal
Los Angeles,Industry,32.0,35.0,5.0,6.0,22.0,,,,🚩Outlier,,,🚩Outlier,,,🚩Outlier,,,Normal,,,Normal
Los Angeles,Inglewood,65.71335917352565,6.955232638942508,3.100823077041865,4.442762944546534,19.78782216594345,,,,🚩Outlier,,,Normal,,,Normal,,,Normal,,,Normal
Los Angeles,Irwindale,57.21107927411653,17.38299904489016,4.202483285577841,3.629417382999041,17.57402101241643,,,,Normal,,,Normal,,,Normal,,,Normal,,,Normal
Los Angeles,La Canada-Flintridge,39.054079756546,31.05306536486401,2.821276865529703,2.066823052050974,25.00475496100932,,,,Normal,,,Normal,,,Normal,,,Normal,,,Normal
Los Angeles,La Habra Heights,28.13633067440174,43.41310128112158,4.326806864877931,3.142373700749342,20.98138747884941,,,,🚩Outlier,,,🚩Outlier,,,Normal,,,Normal,,,Normal
Los Angeles,La Mirada,38.93980678721823,33.59858806044092,3.981917265296012,2.712410205598221,20.76727768144662,,,,Normal,,,🚩Outlier,,,Normal,,,Normal,,,Normal
Los Angeles,La Puente,54.14498610760293,16.22631977772165,2.869411467542308,3.536246526900729,23.22303612023238,,,,Normal,,,Normal,,,Normal,,,Normal,,,Normal
Los Angeles,La Verne,35.85212536814805,38.55114510527935,4.343048046067959,3.006725570354739,18.2469559101499,,,,🚩Outlier,,,🚩Outlier,,,Normal,,,Normal,,,Normal
Los Angeles,Lakewood,44.97667458850454,27.34090308951676,4.228501012234839,2.999735938737789,20.45418537100607,,,,Normal,,,Normal,,,Normal,,,Normal,,,Normal
Los Angeles,Lancaster,42.39716772632527,26.4876245142504,4.770034879701689,3.763446491604778,22.58172638811786,,,,Normal,,,Normal,,,🚩Outlier,,,Normal,,,Normal
Los Angeles,Lawndale,52.06216739235607,17.00532172230286,3.519593613933237,3.785679729075952,23.62723754233188,,,,Normal,,,Normal,,,Normal,,,Normal,,,Normal
Los Angeles,Lomita,42.73359073359073,28.02316602316602,3.992277992277992,3.43629343629344,21.81467181467182,,,,Normal,,,Normal,,,Normal,,,Normal,,,Normal
Los Angeles,Long Beach,52.35134663740353,17.83913024519993,3.835700062499091,4.088966730134729,21.88485632476272,,,,Normal,,,Normal,,,Normal,,,Normal,,,Normal
Los Angeles,Los Angeles,55.95690814330165,14.64922233306928,3.103910364554916,3.593864501268147,22.696094657806,,,,Normal,,,Normal,,,Normal,,,Normal,,,Normal
Los Angeles,Lynwood,59.63089630251016,10.86661934567981,2.510163257404659,4.110472994773186,22.88184809963219,,,,Normal,,,Normal,,,Normal,,,Normal,,,Normal
Los Angeles,Malibu,45.57431568176004,23.49705807111793,4.783832182143771,3.376822716807368,22.76797134817089,,,,Normal,,,Normal,,,🚩Outlier,,,Normal,,,Normal
Los Angeles,Manhattan Beach,42.59162499066955,28.05478838545944,3.85160856908263,2.425916249906692,23.07606180488169,,,,Normal,,,Normal,,,Normal,,,Normal,,,Normal
Los Angeles,Maywood,59.4254772393539,11.30690161527166,2.404552129221733,3.634361233480174,23.22870778267254,,,,Normal,,,Normal,,,Normal,,,Normal,,,Normal
Los Angeles,Monrovia,46.15511551155115,24.11716171617162,4.005775577557756,4.212046204620467,21.50990099009901,,,,Normal,,,Normal,,,Normal,,,Normal,,,Normal
Los Angeles,Montebello,55.07502206531333,17.29332156516622,2.83907031479847,3.250956163577527,21.54162989114445,,,,Normal,,,Normal,,,Normal,,,Normal,,,Normal
Los Angeles,Monterey Park,45.82535663558328,17.96455258445007,2.340517507564997,3.010560118569749,30.8590131538319,,,,Normal,,,Normal,,,Normal,,,Normal,,,🚩Outlier
Los Angeles,Norwalk,51.98469145837566,19.29147192305087,3.027839869945133,3.176861071597919,22.51913567703041,,,,Normal,,,Normal,,,Normal,,,Normal,,,Normal
Los Angeles,Palmdale,46.07554389887351,23.49621635566256,4.237251698340356,3.363358844268642,22.82762920285493,,,,Normal,,,Normal,,,Normal,,,Normal,,,Normal
Los Angeles,Palos Verdes Estates,33.28750801942994,36.66941618550087,3.79433599120154,1.970488497846208,24.27825130602145,,,,🚩Outlier,,,🚩Outlier,,,Normal,,,Normal,,,Normal
Los Angeles,Paramount,56.52538496722062,13.75590791279159,2.839609696600091,3.937338008842808,22.9417594145449,,,,Normal,,,Normal,,,Normal,,,Normal,,,Normal
Los Angeles,Pasadena,56.73861861068937,15.92954430435452,2.903381961405593,3.170726340572539,21.25772878297797,,,,Normal,,,Normal,,,Normal,,,Normal,,,Normal
Los Angeles,Pico Rivera,58.60791319306603,16.32923117639275,2.90062193992325,2.842397776895591,19.31983591372238,,,,Normal,,,Normal,,,Normal,,,Normal,,,Normal
Los Angeles,Pomona,49.16224052549201,18.5333435968491,3.471634208298052,5.059913273291762,23.77286839606908,,,,Normal,,,Normal,,,Normal,,,Normal,,,Normal
Los Angeles,Rancho Palos Verdes,38.36459649463828,32.19295687951534,3.495642595652314,2.329348495156648,23.61745553503742,,,,Normal,,,🚩Outlier,,,Normal,,,Normal,,,Normal
Los Angeles,Redondo Beach,46.07238141789373,23.7143846357508,4.132298731186737,2.906254455102747,23.17468076006599,,,,Normal,,,Normal,,,Normal,,,Normal,,,Normal
Los Angeles,Rolling Hills,26.16201859229747,46.54714475431607,3.585657370517929,2.722443559096956,20.98273572377158,,,,🚩Outlier,,,🚩Outlier,,,Normal,,,Normal,,,Normal
Los Angeles,Rolling Hills Estates,34.9768875192604,36.16332819722651,3.389830508474576,2.080123266563941,23.38983050847458,,,,🚩Outlier,,,🚩Outlier,,,Normal,,,Normal,,,Normal
Los Angeles,Rosemead,45.46083136744489,17.26185634100708,2.643781013584967,3.843650858211983,30.78988041975107,,,,Normal,,,Normal,,,Normal,,,Normal,,,🚩Outlier
Los Angeles,San Dimas,35.76992715482758,36.92787064718515,4.370710345698766,3.107499263126869,19.82399258916165,,,,🚩Outlier,,,🚩Outlier,,,Normal,,,Normal,,,Normal
Los Angeles,San Fernando,56.19206085096268,14.96711829490532,2.844465573250931,3.454559860549882,22.54179542033119,,,,Normal,,,Normal,,,Normal,,,Normal,,,Normal
Los Angeles,San Gabriel,44.31360858548219,19.75455855318726,2.449446017787052,2.827048243652811,30.65533859989069,,,,Normal,,,Normal,,,Normal,,,Normal,,,🚩Outlier
Los Angeles,San Marino,33.30818965517241,28.99784482758621,2.047413793103448,2.036637931034491,33.60991379310344,,,,🚩Outlier,,,Normal,,,🚩Outlier,,,Normal,,,🚩Outlier
Los Angeles,Santa Clarita,37.86675174829728,34.1110054825561,4.501295758507077,2.835692612223106,20.68525439841644,,,,🚩Outlier,,,🚩Outlier,,,🚩Outlier,,,Normal,,,Normal
Los Angeles,Santa Fe Springs,52.70842332613391,20.82937365010799,3.421166306695465,3.248380129589634,19.792656587473,,,,Normal,,,Normal,,,Normal,,,Normal,,,Normal
Los Angeles,Santa Monica,59.86310608560892,11.83687526008409,3.329076324814533,2.92442135774656,22.0465209717459,,,,Normal,,,Normal,,,Normal,,,Normal,,,Normal
Los Angeles,Sierra Madre,47.93226586798756,24.91648427600507,3.835963598663748,3.19087662711669,20.12440963022693,,,,Normal,,,Normal,,,Normal,,,Normal,,,Normal
Los Angeles,Signal Hill,52.41084546547349,16.86924001602778,4.100440763990918,26.33808201975492,0.2813917347528982,,,,Normal,,,Normal,,,Normal,,,🚩Outlier,,,🚩Outlier
Los Angeles,South El Monte,53.76471859133629,15.27492708220806,2.862698498433618,3.381225018904612,24.71643080911742,,,,Normal,,,Normal,,,Normal,,,Normal,,,Normal
Los Angeles,South Gate,58.76937984496124,13.30047185709471,2.369817997977755,3.338810246039767,22.22152005392653,,,,Normal,,,Normal,,,Normal,,,Normal,,,Normal
Los Angeles,South Pasadena,57.46024710510278,14.3664468945648,2.531996232478253,2.720372319796105,22.92093744805807,,,,Normal,,,Normal,,,Normal,,,Normal,,,Normal
Los Angeles,Temple City,38.8817265912238,23.0005252351621,2.506804182781837,2.759872033615061,32.85107195721721,,,,Normal,,,Normal,,,Normal,,,Normal,,,🚩Outlier
Los Angeles,Torrance,42.14415799058878,28.76843556893666,3.612897792468919,2.642299958944349,22.8322086890613,,,,Normal,,,Normal,,,Normal,,,Normal,,,Normal
Los Angeles,Vernon,46.42857142857143,22.32142857142857,4.464285714285714,2.678571428571423,24.10714285714286,,,,Normal,,,Normal,,,🚩Outlier,,,Normal,,,Normal
Los Angeles,Walnut,38.17113665389527,25.32311621966794,2.375478927203065,2.242656449553003,31.88761174968072,,,,Normal,,,Normal,,,Normal,,,Normal,,,🚩Outlier
Los Angeles,West Covina,46.297933044921,23.14431471057977,3.319843078879223,3.553984276875845,23.68392488874417,,,,Normal,,,Normal,,,Normal,,,Normal,,,Normal
Los Angeles,West Hollywood,64.45347450044736,9.987324783775724,2.963763793617656,2.851923650462272,19.74351327169699,,,,Normal,,,Normal,,,Normal,,,Normal,,,Normal
Los Angeles,Westlake Village,39.6320548799501,32.81883380106018,4.73963205487995,2.432179607109457,20.37729965700031,,,,Normal,,,🚩Outlier,,,🚩Outlier,,,Normal,,,Normal
Los Angeles,Whittier,47.06098392766575,26.75282883576138,3.84406862659368,2.966123926616412,19.37599468336277,,,,Normal,,,Normal,,,Normal,,,Normal,,,Normal
Madera,Chowchilla,28.97011982405582,41.51372667981192,4.838465038677385,3.609889276505385,21.06779918094949,,31.37,7.439586138,Normal,39.78,9.756175351,Normal,4.71,0.5334805439,Normal,3.86,0.3644773885,Normal,20.28,2.485592369,Normal
Madera,Madera,39.49128343853322,27.71641118124436,4.084009618274722,4.125338142470689,24.58295761947701,,,,Normal,,,Normal,,,Normal,,,Normal,,,🚩Outlier
Marin,Belvedere,49.10659272951325,20.51756007393715,3.943314849044979,1.848428835489837,24.58410351201479,,61.96,7.242279788,🚩Outlier,12.72,4.741033473,🚩Outlier,3.43,0.49146627,Normal,2.77,0.4653335391,🚩Outlier,19.12,2.681924566,🚩Outlier
Marin,Corte Madera,63.4284139451564,11.63015019980708,2.755959762987461,2.535482981948466,19.64999311010059,,,,Normal,,,Normal,,,Normal,,,Normal,,,Normal
Marin,Fairfax,70.98901098901099,5.579036348267118,2.992392223161454,3.584108199492814,16.85545224006762,,,,Normal,,,🚩Outlier,,,Normal,,,🚩Outlier,,,Normal
Marin,Larkspur,63.27471584816642,12.03088140681964,3.24898134248338,2.541282436199872,18.90413896633069,,,,Normal,,,Normal,,,Normal,,,Normal,,,Normal
Marin,Mill Valley,68.52091817845243,7.052943354313217,2.989633469085524,2.230655312847087,19.20584968530174,,,,Normal,,,Normal,,,Normal,,,Normal,,,Normal
Marin,Novato,55.98649467578565,17.49054915880299,4.152598620610048,2.998297405708019,19.3720601390933,,,,Normal,,,Normal,,,Normal,,,Normal,,,Normal
Marin,Ross,51.84331797235023,17.10829493087558,4.147465437788019,2.649769585253452,24.25115207373272,,,,Normal,,,Normal,,,Normal,,,Normal,,,🚩Outlier
Marin,San Anselmo,69.5521459672403,8.200290275761974,3.224134356209828,2.622848849263946,16.40058055152395,,,,Normal,,,Normal,,,Normal,,,Normal,,,Normal
Marin,San Rafael,62.25606283161965,12.42543241703888,3.189544051080668,2.946731017116825,19.18222968314398,,,,Normal,,,Normal,,,Normal,,,Normal,,,Normal
Marin,Sausalito,62.10619469026548,10.69026548672566,3.805309734513274,2.761061946902661,20.63716814159292,,,,Normal,,,Normal,,,Normal,,,Normal,,,Normal
Marin,Tiburon,55.43926886792453,16.27358490566038,3.508254716981132,2.166863207547166,22.61202830188679,,,,Normal,,,Normal,,,Normal,,,Normal,,,Normal
Mariposa,Mariposa,26.75,47.31,5.63,3.539999999999999,16.77,,26.75,,,47.31,,,5.63,,,3.54,,,16.77,,
Mendocino,Fort Bragg,52.53067484662577,17.71472392638037,5.44478527607362,3.62985685071574,20.6799591002045,,46.95,5.820773216,Normal,23.38,6.914358047,Normal,4.92,1.147774844,Normal,3.98,1.150949854,Normal,20.77,2.093971449,Normal
Mendocino,Point Arena,55.8922558922559,9.427609427609427,3.03030303030303,6.060606060606059,25.58922558922559,,,,🚩Outlier,,,🚩Outlier,,,🚩Outlier,,,🚩Outlier,,,🚩Outlier
Mendocino,Ukiah,46.23655913978494,23.45430107526882,4.670698924731183,3.640232974910393,21.99820788530466,,,,Normal,,,Normal,,,Normal,,,Normal,,,Normal
Mendocino,Willits,43.09978768577495,24.52229299363057,5.484784147204529,4.70629865534324,22.18683651804671,,,,Normal,,,Normal,,,Normal,,,Normal,,,Normal
Merced,Atwater,37.25940089228808,32.13511790949649,4.964945825366476,2.848948374760997,22.79158699808795,,40.12,4.919973159,Normal,30.43,5.919426457,Normal,4.33,0.7286097462,Normal,2.98,0.4178002264,Normal,22.14,2.104670079,Normal
Merced,Dos Palos,39.84048613748576,30.68742878845423,3.608051652107862,3.228256741359665,22.63577668059248,,,,Normal,,,Normal,,,Normal,,,Normal,,,Normal
Merced,Gustine,37.92623521224774,33.54210160055672,4.76687543493389,2.435629784272784,21.32915796798887,,,,Normal,,,Normal,,,Normal,,,Normal,,,Normal
Merced,Livingston,49.73198332340679,17.62954139368672,3.067301965455628,2.412150089338883,27.15902322811197,,,,🚩Outlier,,,🚩Outlier,,,🚩Outlier,,,Normal,,,🚩Outlier
Merced,Los Banos,46.15661566156616,24.54995499549955,4.450945094509451,3.204320432043204,21.63816381638164,,,,Normal,,,Normal,,,Normal,,,Normal,,,Normal
Merced,Merced,42.87979110323604,26.54107992166371,4.429730485871492,3.366595169262332,22.78280331996643,,,,Normal,,,Normal,,,Normal,,,Normal,,,Normal
Modoc,Alturas,20.36919159770846,50.73201782304265,8.338637810311903,2.991725015913428,17.56842775302355,,18.36,,,56.65,,,6.67,,,2.7,,,15.62,,
Mono,Mammoth Lakes,43.7992125984252,22.81003937007874,4.601377952755906,4.084645669291337,24.70472440944882,,39.44,,,29.78,,,5.03,,,3.54,,,22.21,,
Monterey,Carmel-by-the-Sea,47.7906976744186,25.85271317829457,3.914728682170543,2.36434108527132,20.07751937984496,,50.46,3.636231478,Normal,21.22,3.929944193,Normal,3.6,0.8388203344,Normal,3.13,0.4051224668,🚩Outlier,21.59,2.003627081,Normal
Monterey,Del Rey Oaks,47.8441127694859,25.37313432835821,4.72636815920398,2.985074626865675,19.07131011608623,,,,Normal,,,Normal,,,Normal,,,Normal,,,Normal
Monterey,Gonzales,55.80286168521462,16.77265500794913,2.729199788023317,2.835188129305781,21.86009538950715,,,,Normal,,,Normal,,,Normal,,,Normal,,,Normal
Monterey,Greenfield,56.71015843429637,14.42994718856788,2.562907735321528,2.920161540851193,23.37682510096303,,,,🚩Outlier,,,🚩Outlier,,,Normal,,,Normal,,,Normal
Monterey,King City,46.87289845326161,21.34050661286707,3.721138758125981,3.586639766868409,24.47881640887693,,,,Normal,,,Normal,,,Normal,,,Normal,,,Normal
Monterey,Marina,49.70990776554597,19.27253793513835,3.97947039571556,3.272835465635225,23.76524843796489,,,,Normal,,,Normal,,,Normal,,,Normal,,,Normal
Monterey,Monterey,52.44325442706749,19.44258504229295,4.357086350635916,3.705957524493396,20.05111665551025,,,,Normal,,,Normal,,,Normal,,,Normal,,,Normal
Monterey,Pacific Grove,56.0135836241864,16.99839637770022,3.78266201301764,2.792189416092818,20.41316856900292,,,,🚩Outlier,,,Normal,,,Normal,,,Normal,,,Normal
Monterey,Salinas,53.11138101021648,18.34107308709009,2.877759519897121,3.134957490890901,22.53482889190541,,,,Normal,,,Normal,,,Normal,,,Normal,,,Normal
Monterey,Sand City,47.32510288065843,25.92592592592592,4.938271604938271,3.292181069958851,18.51851851851852,,,,Normal,,,Normal,,,🚩Outlier,,,Normal,,,🚩Outlier
Monterey,Seaside,51.55433646812957,17.72466039707419,4.120950888192267,3.735632183908049,22.86442006269592,,,,Normal,,,Normal,,,Normal,,,Normal,,,Normal
Monterey,Soledad,54.12582630499202,16.69705949395943,2.473216320948256,3.202644175974473,23.50125370412583,,,,Normal,,,Normal,,,Normal,,,Normal,,,Normal
Napa,American Canyon,52.25499929088072,17.75634661750107,3.198127925117004,3.226492696071485,23.56403347042973,,50.13,2.264160702,Normal,22.34,3.216045702,Normal,4.12,0.4103556868,🚩Outlier,3.31,0.3371973204,Normal,20.1,2.026853557,🚩Outlier
Napa,Calistoga,56.789224608664,16.12668365489625,3.785948307244266,2.803057881325081,20.4950855478704,,,,🚩Outlier,,,🚩Outlier,,,Normal,,,🚩Outlier,,,Normal
Napa,Napa,51.25638490690394,21.5871642774757,4.34997528423134,3.330449826989618,19.47602570439941,,,,Normal,,,Normal,,,Normal,,,Normal,,,Normal
Napa,St. Helena,53.12589209249214,20.32543534113617,3.796745646588638,2.769055095632318,19.98287182415073,,,,Normal,,,Normal,,,Normal,,,🚩Outlier,,,Normal
Napa,Yountville,51.40562248995983,24.32587492828457,3.671830177854274,2.52438324727482,18.07228915662651,,,,Normal,,,Normal,,,Normal,,,🚩Outlier,,,Normal
Nevada,Grass Valley,41.48664343786295,29.80255516840883,5.516840882694541,6.840882694541225,16.35307781649245,,39.06,7.331457726,Normal,32.88,7.34462958,Normal,5.37,0.7608417493,Normal,6.8,0.6964641425,Normal,15.89,1.75368041,Normal
Nevada,Nevada City,55.56900726392252,16.62631154156578,3.995157384987893,7.707828894269571,16.10169491525424,,,,🚩Outlier,,,🚩Outlier,,,🚩Outlier,,,Normal,,,Normal
Nevada,Truckee,52.0656338497418,17.5912043978011,4.755955355655505,6.330168249208725,19.25703814759287,,,,🚩Outlier,,,🚩Outlier,,,Normal,,,Normal,,,🚩Outlier
Orange,Aliso Viejo,36.26111144705811,33.33736469734534,4.644131341839511,2.297877486847678,23.45951502690935,,36.41,5.714055419,Normal,34.32,6.680825847,Normal,3.91,0.7213413984,Normal,2.27,0.3793006439,Normal,23.09,2.25341298,Normal
Orange,Anaheim,42.40224160814965,28.57539903120782,3.441821420063301,2.460550646050528,23.11998729452871,,,,Normal,,,Normal,,,Normal,,,Normal,,,Normal
Orange,Brea,34.13359464314878,38.06630736567042,3.684468397844194,1.910828025477709,22.20480156785889,,,,Normal,,,Normal,,,Normal,,,Normal,,,Normal
Orange,Buena Park,40.31640335988162,29.77542760151456,3.222788005396701,2.186969578273928,24.49841145493319,,,,Normal,,,Normal,,,Normal,,,Normal,,,Normal
Orange,Costa Mesa,36.15810326394566,33.56549902521854,4.631784164517954,2.925916609018309,22.71869693729954,,,,Normal,,,Normal,,,Normal,,,🚩Outlier,,,Normal
Orange,Cypress,36.10173166878349,34.22446640438648,3.794801895852049,2.094111087017129,23.78488894396084,,,,Normal,,,Normal,,,Normal,,,Normal,,,Normal
Orange,Dana Point,29.97540983606558,42.05327868852459,5.446721311475409,2.479508196721305,20.04508196721311,,,,Normal,,,Normal,,,🚩Outlier,,,Normal,,,Normal
Orange,Fountain Valley,31.95704972516937,38.98504410072862,3.681452128339512,2.035024926498789,23.34142911926371,,,,Normal,,,Normal,,,Normal,,,Normal,,,Normal
